19861350000170
19861350000413
19861350000251
19861350000332
08145915000105
06130273000137
18310979000160
71038996000172
19002831000120
64336498000140
03845557000545
21329008000176
05410268000115
09234570000110
04565028000127
02072108000115
02689668000113
06216990000186
04740975000298
05968962000152
03758111000150
03121876000184
05902748000101
18203372000180
03506772000198
03506772000279
08736898000172
03479561000103
02359141000120
18358572000102
68993641000390
02309786000159
04939296000242
20782215000119
04494986000154
17705971000130
50899293000320
50899293001645
18109520000100
41937665000103
61919163000329
04782610000145
19535939000189
19535939000260
19535939000421
86414836000158
07319605000199
22685168000110
02389049000103
04461168000155