19861350000170
19861350000413
19861350000251
19861350000332
08145915000105
06130273000137
18310979000160
71038996000172
19002831000120
64336498000140
03845557000545
21329008000176
05410268000115
09234570000110
04565028000127
02072108000115
02689668000113
06216990000186
04740975000298
05968962000152
03758111000150
03121876000184
05902748000101
18203372000180
03506772000198
03506772000279
08736898000172
03479561000103
02359141000120
18358572000102
68993641000390
02309786000159
04939296000242
20782215000119
04494986000154
17705971000130
50899293000320
50899293001645
18109520000100
41937665000103
61919163000329
04782610000145
19535939000189
19535939000260
19535939000421
86414836000158
07319605000199
22685168000110
02389049000103
04461168000155
01785629000157
05150060000104
17195207000161
17195207000242
17195207000404
17195207000757
17195207000838
17195207000919
17195207000676
42932582000194
06338827000196
07267256000109
09314366000100
19622067000196
08379796000147
03766907000405
03766907001126
03766907000740
03766907000235
03766907000669
03766907000154
03766907000588
03766907001479
03766907001550
03766907001630
03766907001711
03766907001800
03766907001398
03766907001207
04294944000170
02931466000136
04515043000160
04515043000241
02153396000132
01625878000185
01625878000266
01625878000347
00522972000146
19757889000184
05407609000101
03524490000113
03524490000202
05410068000162
02324527000105
16653305000132
20346631000174
25591371000116
07813670000176
07813670000257
07540465000265
04463663000101
01742084000100
18924779000105
01581001000130
18030445000180
04118510000119
08581371000116
04448520000112
02383275000187
04123749000268
17336629000400
17336629000100
71226351000163
23909302000182
71033138000135
01870966000142
07306690000150
04721773000118
01856989000100
03260743000199
04656769000113
04656769000202
02466701000146
01590113000157
23219876000129
23219876000390
23219876000200
23219876000471
23219876000552
23219876000633
23219876000714
18889527000184
25982612000239
03111769000175
03111769000507
02337515000107
08817817000169
08817817000240
06250496000138
20600201000137
38608915000157
38608915000238
04536399000180
04536399000261
04536399000423
04536399000342
38661815000194
05435830000165
71478788000194
71478788000437
71478788000356
02534633000105
02534633000296
02508528000100
10699092000101
07364552000128
41669482000154
01449382000106
05348926000196
04625761000190
04625761000351
04625761000432
04625761000270
20202644000170
10295543000137
10295543000218
05220607000109
65329906000108
65329906000280
03328383000110
71335731000136
11810939000138
18141648000224
09287761000140
01183042000178
08529542000168
05643433000189
07310789000126
00673784000119
07793415000109
09414163000195
05678981000144
05678981000306
42886093000143
08036951000122
71077747000196
07668709000109
20000857000119
20000857000208
20000857000461
01891509000134
03744618000154
03490615000131
04651528000181
38689022000183
38689022000264
23589674000683
23589674000179
23589674000764
05540534000124
02515790000416
02515790000173
02515790000254
02515790000505
02515790000335
06169019000142
06169019000304
06169019000223
01459018000119
25316340000238
19363951000153
19590868000117
04664638000188
07061516000195
04429012000197
03310162000114
00510292000102
00510292000293
17939349000196
08711828000160
04465782000195
19304468000106
86678257000112
21068796000194
21641121000192
21641121000354
01682845000177
07398148000175
08546092000111
03862890000139
03862890000481
08507750000166
03544113000146
65242182000152
08058873000167
02203761000176
08608360000182
25960410000105
08777883000152
02483569000180
23185689000171
23185689000252
02529153000156
05699662000115
02686203000109
25626946000199
02791850000180
05806338000159
07636728000153
04929455000147
05748871000101
38618369000135
71417596000178
21789326000110
19013184000152
04129824000117
01331409000234
01331409000153
01331409000404
01331409000315
07676256000162
02736839000118
01342267000120
71402374000181
03754380000148
01037626000135
09492598000158
10265974000150
86669264000158
07027900000171
02465710000112
71310759000119
04997765000107
08331414000105
04551787000130
05474129000155
03923297000155
21061742000105
02773939000114
23802440000168
10511985000173
08789502000155
03343330000178
03278390000154
04791860000141
03334613000153
38646246000108
01819646000168
01819646000249
03548349000150
05009037000102
38507547000150
04946481000183
01620645000190
03446578000164
02654171000160
04465715000170
09617350000176
04985345000100
71097836000102
04996242000138
86368057000163
08705712000118
02641098000191
02641098000272
04333419000116
18555847000106
18157735000199
19033653000103
08412519000199
04214554000142
04881189000120
03875171000152
71373088000135
05673484000153
03086807000187
05458099000193
02023739000144
07334179000162
19941491000101
18114595000171
18114595000252
08832463000121
02816844000130
19911585000120
17999335000168
05769841000181
23920507000169
01426589000157
20603429000180
30069314004875
01560181000173
08492413000223
08492413000142
06000151000126
38588539000186
09643799000109
09613040000183
10866554000120
25953035000176
42135392001975
42135392003161
42135392002432
86644689000617
86644689000889
86644689001265
86644689000102
86644689000293
86644689000536
59104737002574
59104737003465
26384024000185
26384024000509
08850701000121
19362144000116
08626825000128
19203660000106
04871857000138
38559415000172
19494780000100
19494780000363
04088411000131
71309884000109
71309884000451
08430289000271
08430289000190
06906230000109
07010593000116
08835141000136
05058703000194
17404930000103
17404930000294
21899216000291
21899216000100
03718546000170
64323629000155
64323629000236
64323629000406
64323629000589
64323629000317
03752333000165
65876013000506
65876013001146
65876013001065
65876013000417
02085044000197
61369856009775
61369856010196
61369856004706
07783006000121
06135409000100
26096453000157
05822519000179
02929165000178
02929165000259
07021784000183
05232796000121
01888804000131
07900406000170
06036371000100
03247606000114
25629403000125
08544498000165
72908817001498
02778719000183
09024945000207
09024945000118
08904089000122
05095016000149
16949331000102
16949331000374
16949331000536
21682620000128
21682620000209
05400321000105
06230248000125
09617376000114
08151815000183
84432277000698
06182630000100
05493946000150
05704863000163
06028257000138
00610146000159
00610146000230
08875677000185
86526696000100
86526696000371
00995120000176
09239496000125
09239496000206
25304304000173
25304304000254
25304304000335
01126797000130
02993842000117
00703460000186
00703460000267
00703460000348
54237698000354
04818085000170
04818085000251
04937042000104
00584033000126
03491325000102
08397016000191
07127264000150
07127264000230
54237698000869
10189222000158
05922758000109
16820144000124
16820144000205
03212647000175
03212647000256
03212647000337
03212656000166
03212656000328
03212656000247
23834419000144
21218755000137
21050000000176
01700294000127
01940891000129
71139018000206
71139018000117
71139018000389
04522544000174
04034250000101
71221980000109
21617865000171
23568314000190
23568314000271
25547779000190
25547779000271
25547779000352
65229601000116
01150479000105
03226942000180
09644900000146
20702528000110
38683991000127
78911229000337
00567904000101
08113299000100
10173044000177
02301730000158
07133715000161
17142944000104
04434063000107
25424482000138
07514217000169
04208782000100
04208782000290
21563481000113
08058357000132
22427090000134
06128346000156
26070128000115
05263281000199
00658438000161
86634391000111
86634391000464
86634391000200
02976778000166
11993980000197
04585096000158
07856924000133
02160161000259
10255948000141
02011270000123
19996230000342
19996230000857
19996230000261
19996230008246
64282163000197
17308172000120
19125343000100
10337212000201
22720601000101
42828285000101
01316517000157
07599439000121
64264518000115
25621624000157
03982858000197
04919369000153
71162903000117
76255926002133
10176779000154
02454253000160
04000284000177
03542670000632
03542670000985
19980044000153
17449638000107
17449638000298
17449638000379
65237851000106
05583805000129
65287872000128
65287872000985
65287872000551
65287872000470
65287872000390
65287872000802
65287872000632
05406670000126
25504580000185
19726629000141
09340588000105
71153761000121
38534897000106
04173846000184
00850146000126
00850146000207
20300299000107
20300299000298
18347237000109
04083147000143
07794314000152
17504598000159
05504829000145
00431439000179
23383862000146
01920442000119
06235456000117
04181297000190
22023139000193
65221749000104
16560971000126
04633258000186
46210258000202
19871532000122
19871532000394
19871532000203
19871532000980
19871532001013
04385443000107
07227426000121
07227426000202
07227426000393
07227426000474
05291530000150
07732808000102
07732808000293
07732808000374
07732808000455
07732808000536
07757585000138
68504091000136
68504091000217
42849745000170
24028755000162
17961335000179
09142391000153
07682613000286
10376548000194
05504603000144
01670576000129
04305352000106
65234486000259
65234486000178
05856833000172
22485957000108
03839879000158
71049290000106
41935610000164
08649480000128
03460174000125
04825001000126
66430182000149
25150897000160
21866231000152
07820153000124
04434850000159
65365751000157
10288722000147
02749233000117
04954838000175
00477440000134
05293355000130
01929724000187
01929724000268
05044388000146
02691599000182
65126278000155
09144292000100
04683237000175
23831365000163
04916617000102
05292093000199
17918970000173
03042575000165
23412398000179
05557906000125
04412779000103
08149397000190
08149397000270
04386193000111
19803782000125
05832999000159
05997474000173
17347519000143
06372359000176
02496804000159
07655002000168
07655002000249
08639014000161
10431901000191
70983275000178
07315985000193
06866088000105
06866088000296
07496753000189
04764077000199
13916722000132
41760315000114
03025429000121
07508067000180
25211954000174
25211954000336
03916573000158
25483041000107
25483041000450
00061202000224
00061202000143
19711316000110
25945031000146
25945031000227
01799952000180
02876586000188
01574419000209
01574419000381
01574419000462
33158874001011
42797423000124
08257703000101
08257703000292
06273776000161
03864344000137
00517780000141
21153044000121
73920084000155
10414924000198
03958751000103
18452870000167
18452870000400
26110601000140
64489800000109
06103387000198
71028864000160
04091467000145
00232620000156
38507398000120
70975214000169
20291225000400
20754305000287
20754305000104
20754305000368
04038357000110
04038341000107
02514421000166
70975214000240
04812711000111
20291225000151
20291225000232
04602054000269
03213950000354
04602054000188
04672645000121
04672645000202
10486388000136
10486388000217
16991952000154
17368283000121
17368283000474
17368283000555
17368283000636
22720429000196
10283046000119
05448448000196
01742461000100
71240105000166
05002810000109
17809005000162
03675528000159
01462858000130
04706807000103
20789087000135
02139958000193
04192901000183
04861311000104
25945023000108
07437678000428
07437678000185
02950439000100
08755351000114
04397605000119
10637805000102
01164952000294
01164952000880
04825151000130
54525951000618
00450919000187
00450919000268
07269121000182
07269121000344
41880220000215
25347287000151
04315899000354
05358301000105
44834968000350
19568294000180
06336535000114
25420340000100
25420340000364
19349893000103
08753091000148
19224252000122
05357591000172
17646456000126
17646456000207
02626884000110
02039344000130
07407806000148
19733799000153
09646794000130
09646794000210
41950940000129
01485079000150
01485079000231
07556916000171
08482585000135
17611724000174
42901439000135
04146120000152
04146120000233
10783879000149
04697985000298
07326163000108
71106447000198
21035860000130
86536976000107
86536976000280
05908548000158
71412217000157
25279969000174
05882665000190
05882665000270
03154102000150
03154102000230
02883993000112
00280553000145
44236743000300
42893222000392
42893222000120
04989749000164
04989749000245
10255144000142
01348745000109
05829722000177
09943786000155
08895961000113
19444843000105
19444843000296
86518537000163
07474045000147
08691243000125
10278583000170
10278583000251
05475137000116
04662905000188
19773092000170
05644622000176
05644622000257
07751975000109
04715923000180
03932717000160
03932717000321
09688747000159
01135620000109
19593466000176
19593466000257
19593466000419
19593466000338
17715558000156
08981122000380
08981122000118
08981122000207
05866354000137
05866354000218
07836131000152
25755653000101
25755653000373
25755653000454
19769272000189
19769272000260
21790266000155
18130757000165
05646457000191
05646457000272
23242720000169
23242720000240
21835251000166
21835251000247
21835251000409
21835251000328
04365513000157
01089973000101
02697836000112
08415227000100
71090617000193
05277001000100
08206867000100
71411367000146
05695332000151
86418100000158
03791268000187
66223595000233
66223595000152
25699216000118
41938242000108
41938242000299
03984415000135
07070644000103
25371097000170
19256809000107
19256809000298
19256809000450
00765290000164
86658143000100
00949306000199
23761075000190
03697793000138
02390635000178
09248616000150
18657908000138
03365687000157
04742628000113
08958072000581
20489456000174
03664705000100
03664705000606
03006222000100
02985719000154
23181654000164
47099304000626
00219694000233
00219694000152
02807273000178
01311863000142
05121466000169
05121466000320
68501865000175
20878872000164
20878872000326
20878872000407
20878872000598
20878872000245
20878872000679
05136350000101
00680047000224
00680047000143
64268451000197
13599332000186
02761373000100
07423468000138
07423468000219
03149263000155
04031576000177
05762222000599
05762222000408
05762222000246
01313895000187
21691407000182
17551482000170
07385648000172
04918822000107
05628381000171
05628381000252
05628381000333
67424895000839
09206957000163
19890169000192
04547903000148
04547903000229
25923913000100
25923913000453
00093404000177
08907352000137
05585629000164
09623162000150
02260600000114
65299877000170
25663618000162
02583128000746
02583128000908
05201788000118
00803044000150
00803044000230
03505970000307
03505970000480
03505970000137
03505970000218
20599478000197
20599478000278
20599478000359
23410434000165
23410434000327
05123151000150
02565436000153
09171138000128
09171138000209
09171138000632
09171138000390
09171138000470
09171138000551
09171138000713
09171138001019
09171138000985
09171138000802
04681653000134
04681653000215
07016308000174
05647217000101
21464458000171
04492961000111
01542628000181
02732382000173
02732382000335
02732382000416
02732382000505
02732382000688
02732382000769
02732382000254
08674742000104
03915054000175
00353812000110
09334925000143
57582793000383
01805305000133
07969937000119
07969937000461
07969937000208
22365357000106
00258168000100
00258168000282
05490949000130
05490949000211
17100470000120
02505186000166
08568191000102
01972970000111
01972970000200
17433863000155
04247017000107
05253400000122
07825000000170
07825000000250
05327472000177
05794845000110
17565383000148
17169442000169
17169442000401
17169442000673
02996615000145
06305045000150
06305045000231
04182068000190
04871259000169
18552760000177
03883796000166
26165001000180
02416797000138
03334650000161
04039936000187
20230611000133
20230611000486
20230611000567
20230611000303
20230611001296
20230611001458
04526714000199
05438815000170
05438815000251
07229992000253
07550291000130
86556594000137
21380803000199
05080093000125
86576014000173
05046617000161
64270473000353
64270473000191
64270473000434
08012235000105
03981692000194
07748782001243
07748782001596
07748782001162
07748782001405
07748782001081
07748782000271
07748782001677
07748782000948
07748782001758
07748782001839
05465915000196
05465915000277
21416177000143
71244370000112
19327717000170
19327717000251
19327717000332
19327717000413
65214173000158
05860142000142
10348064000212
20306460000150
03538395000179
05105255000132
20200770000195
25938796000159
06120135000177
07732933000112
06038576000124
26399360000100
23868136000113
00398308000137
00398308000218
23329725000123
21666144000151
01134894000175
08694712000160
71056261000171
04321601000157
02256248000143
09353958000130
00191571000312
05453946000127
02767940000136
08158699000124
66342395000119
24051252000108
20111290000158
19171362000173
06319278000102
25919531000103
07146412000183
10189690000122
03063647000150
06355217000109
06355217000281
65206716000195
08714930000119
08714930000208
07404801000242
08050112000169
02436171000193
00713456000107
05876704000146
00990123000206
03176919000129
05917870000143
20905147000138
20905147000219
16907925000150
16907925000746
16907925000231
05417205000271
05417205000433
02126164000195
02126164000276
09031468000118
03303214000125
01619855000168
01619855000249
01619855000320
26159640000132
19902568000126
65000655000377
10173006000114
66455593000199
66455593000270
66455593000350
66455593000431
66455593000512
02785115000164
02785115000245
05995197000160
05995197000321
05995197000593
05995197000402
05995197000240
10517194000150
02845794000110
65143901000188
03408094000120
02924519001082
74582032000340
18233742000122
03149065000191
17471566000102
25341769000102
16779563000240
16779563000160
17682600000260
17682600000180
38635256000148
17206616000116
17973827000184
23173834000102
09133506000143
22423446000242
22423446000161
28152049000774
09490463000153
53424594000558
01615478000199
09251616000100
21562426000109
66323494000153
66323494000234
25101338000160
25101338000241
70987482000109
19571850000178
08309583000149
23121536000160
65361743000132
09252205000139
21678172000199
08464895000127
65377228000140
02726914000160
01258068000138
19401306000188
19401306000269
07115109000113
07290769000130
07290769000211
86476249000193
86476249000274
01216798000176
01216798000257
01216798000338
24314775000361
24314775000280
18901025000121
06094474000126
04532434000193
05119479000101
01684818000133
26165381000152
26165381000403
26165381000314
58828377001357
07450685000117
20497939000110
26379511000664
26379511000583
26379511000745
26379511000150
26379511000826
02253617000144
17868472000163
17868472000244
21899992000100
00900526000128
25469859000175
23961832000170
23961832000250
41803958000106
41803958000440
41803958000289
25860479000167
26334953000180
02824094000149
03893527000180
41803958000360
07339388000107
01317123000113
01952213000186
05124393000169
05124393000240
05865627000129
00600514000188
00600514000269
07346379000135
17853482000125
66432709000506
00542231000127
08273379000115
08273379000204
02290685000183
07618901000190
04538254000119
01390172000181
71029631000181
02774550000193
02774550000517
02774550000606
02774550000355
02774550000436
02039194000164
02039194000245
02610622000167
22660054000116
16980229000170
23591498000100
09459189000150
25268871000111
18925933000155
18925933000236
08009493000132
23993447000104
23993447000295
08042847000140
17111469000109
05933875000160
09719681000117
26308148000181
00805607000149
21551726000192
25707357000135
25707357000216
05552445000106
22371058000184
19337807000142
02589325000187
17433111000194
17433111000275
64362700000109
17798596000110
05245415000149
71112809000153
20080974000130
02645199000130
04749645000182
04749645000263
01304190000101
01304190000284
01579602000108
45992963000904
00336101000138
68531433000107
06027497000118
18738245000186
10329353000193
03237705000115
01972382000188
02808521000103
74140450000469
70956206000175
16733677000179
28703346000175
25723388000180
65139990000199
65139990000270
07233335000107
07233335000280
26336966000198
06146129000199
06146129000270
07401849000116
07401849000205
07401849000388
06249879000196
06249879000277
06249879000358
02928058000125
02928058000206
02903073000380
02903073000208
71483929000167
66259821000155
02211752000127
01491888000175
22503916000105
20415204000109
00804055000154
00804055000235
17918376000182
64474117000190
06222695000132
08394539000184
07160841000105
19621770000180
16796013000159
03703190000100
26403014000140
26403014000220
66745472000343
05945433000133
22144547000101
22144547000365
04418475000153
04418475000234
65356727000151
05288245000180
05288245000341
07828523000170
04652829000120
20337846000129
10374000000105
03744904000110
26340927000407
26340927000164
26340927000245
26340927000326
08747716000169
64489750000151
17537093000190
07977467000216
07892652000127
01411044000177
01411044000258
01411044000339
01411044000410
01411044000509
01411044000681
01411044000762
01411044000843
20623716002791
07126754000131
18311704000140
21660105000147
21660105000228
20605432000133
20605432000214
20605432000303
20605432000729
08278331000108
66471251000162
64192669000105
09546262000120
07652929000144
03247881000138
02731926000182
02731926000344
04286021000176
07320887000225
06131014000120
05994771000165
15185358000618
07159649000107
05975062000132
05975062000213
01651102000210
01651102000644
06253120000187
08693940000115
04155376000126
00640373000127
24231284000357
24231284000195
24231284000438
24231284000276
22550792000100
25285529000120
08411518000120
25482571000130
25482571000300
25855883000142
07217341000162
17202789000166
01878264000377
01878264000458
10310730000142
03128565000147
03128565000228
03128565000309
09418493000310
09418493000159
09418493000230
42874644000310
42874644000582
42874644000159
04372053000194
06288612000108
19635614000178
19635614000259
04155397000141
04155397000222
64306939000161
25321498000115
21232368000155
16974719000163
07380687000187
10570115000175
03240271000102
01956020000101
04437814000149
02100948000144
08283278000125
22570329000120
02311270000149
03850506000188
24381303000160
03568274000170
02653232000174
02653232000255
64270952000108
02416860000136
24161853002036
24161853000688
24161853000335
24161853001145
24161853001498
24161853000173
24161853000840
24161853001064
24161853000920
24161853001650
24161853001579
41856832000191
07271705000192
06043175000162
71260723000178
03762040000169
07369125000132
04366473000168
00830162000157
22403489000185
22403489000266
02734329000101
01468430000103
06198558000100
06198558000290
01792911000161
05372587000183
07545982000146
04878145000140
02554937000134
02859232000125
02006487000145
02006487000226
17155466000169
17155466000754
04088187000188
05774638000101
10598245000116
08228749000100
08270780000100
20888772000119
25712571000180
25559824000127
25559824000208
25559824000399
07507272000121
07507272000202
00558523000158
03787325000154
03787325000235
02318135000125
05004855000104
05004855000376
05004855000457
05004855000538
05004855000295
41895483000117
09583779000190
07986737000174
18417311000116
86610920000147
19154640000184
25174053000150
64461841000189
07524830000167
16736589000120
07818485000174
23914260000178
26369926000142
03260927000159
07378022000139
04196223000127
10209882000153
86574365000145
86574365000226
04972652000149
00357930000105
03553832000123
03553832000204
07522440000158
41822958000145
21054242000138
20195434000100
20195434000282
20195434000363
65293243000100
02975554000130
07167393000171
02782182000206
02782182000125
97519370000171
25584665000110
25584665000200
66288663000161
06288354000160
08282660000114
00925053000113
20649869000179
01918990000104
01918990000295
01918990000376
01960107000144
02878914000185
21674791000105
21674791000539
21674791000377
25604489000131
69031953000547
03722280000130
84943067000907
84943067001040
21905450000101
17283532000267
17283532000186
17283532000348
17283532000500
17283532000690
17283532000771
17283532000852
17283532000933
17283532001077
17283532001158
19635242000180
19635242000422
18037127000140
17075458000102
22292999000122
22292999000394
06923407000177
01949693000126
03292359000178
04135369000162
05350652000170
05350652000250
64225824000142
22100135000161
07137610000180
22651541000112
21440946000149
03969476000123
19590058000160
64382542000159
23414832000150
25586702000120
01677284000118
03388453000125
08529680000147
08529680000228
07482925000165
07482925000246
23791312000166
04349838000146
06192919000100
07230143000139
41845033000110
05459491000157
41886177000114
21709258000131
21709258000212
19992130000186
19992130000267
19992130000348
05275312000121
02082005000136
02082005000217
06028152000189
86461985000259
86461985000178
05641542000167
07694206000108
18261156000191
58634536003245
06188836000148
06188836000229
06188836000571
06188836000300
06188836000490
06177804000147
07676200000108
42995118000147
22421028000135
05310361000158
01120871000101
66226143000124
06289407000167
20831624000168
20831624000400
64366842000144
01200622000711
23758956000152
06200748001439
19355924000139
08377476000158
06016108000159
05737041000340
05737041000189
18194407000162
25873472000180
07658303000145
06951971000101
06951971000365
03267162000340
02724186000157
23893431000120
78575511000471
01003921000170
01948102000104
01948102000449
02772778000144
71127542000178
22126296000124
03023342000115
17502576000150
17502576000311
09267465000188
03462327000173
64464001000170
20244307000145
06218148000183
08221098000119
07455342000145
04189451000250
04189451002032
04189451002202
04189451002385
04189451002466
02047385000178
16857468000218
16857468000137
16857468000560
01391835000182
01391835000263
01391835000344
04063926000187
17867235000188
18871640000132
38664116000106
19375252000123
19375252000557
21698527000101
21698527000292
86395308000107
66445941000147
05565608000187
05565608000268
07105103000165
05284603000348
05284603000186
05284603000500
05284603000690
05284603000267
08708929000181
08708929000262
08708929000343
08708929000505
08708929000696
08708929000424
06937449000167
21650783000129
08432085000199
08432085000350
08432085000270
20850418000103
01455000000149
03219950000108
01499399000160
20522462000186
20522462000267
41723594000146
64274855000193
06871570000133
41797622000170
18519694000133
16920191000140
17172420000158
04347028000150
02720832000108
05417792000118
08016927000121
43064849000212
41771742000106
18174607000153
00498404000157
00387117000170
25518416000127
04341090000135
07101776000147
01780512000180
23791080000146
17380627000118
17380627000207
17112541000104
17112541000538
17112541000295
17112541000457
08734749000174
86474830000176
22080501000168
22080501000320
21321435000108
19860717000131
19860717002347
19860717001537
19860717001103
19860717000808
07691067000169
07041075000160
10340846000124
06952354000112
02161541000127
02161541000208
02161541000399
05906784000135
08019889000241
08019889000160
09542740000205
09250707000120
09250707000201
00700460000637
08319578000117
08319578000206
07199273000156
08755329000174
08046579000135
10634503000172
21523543000163
21523543000244
04423462000172
04423462000253
04586556000162
05639996000101
29510765000234
08913463000156
04562410000187
68493642000103
04020515001186
20618443000158
00678835000103
19909076000162
03769439000171
01346852000106
64241250000104
04173198000166
24686255000118
17279670000191
18915041000173
18459248000180
18551507000107
17438508000179
18533570000102
02714051000100
02890447000109
03913321000175
08987255000100
05489706000182
02633913000170
23096795000189
05329582000178
22723753000168
19231356000164
19231356000245
21970009000103
19314541000112
18552505000124
24156820000135
64406689000131
02980333000150
19699701000199
04900773000185
18225672000160
02498326000116
06349404000171
01283658000110
64407620000122
04627783000199
03830052000183
18088237000131
18809996000146
02867177000115
17225202000134
17225202000215
19388008000103
19388008000286
16859795000128
16579419000180
08855917000180
41756271000159
21582234000164
19363555000126
17949801000109
02005925000150
18451062000185
03532933000118
05731281000176
19560788000119
05061474000167
05248606000164
17429507000168
17815234000190
41731290000201
41731290000120
66452525000176
20964326000146
09565017000160
21628532000148
41896051000120
41896051000201
20143053000179
20904819000190
09227080000197
64263544000129
21414297000101
04951035000167
08394851000178
05546880000110
05546880000209
20345872000107
19277649000182
04829063000106
18297002000150
18768796000192
19643295000142
10258988000147
65349078000161
04690268000153
41738857000190
21657069000162
20648051000131
07006049000109
07006049000281
25529520000117
24034316000162
19535582000139
01687534000109
19823608000144
64449184000154
42822858000181
19242858000190
01623492000134
04035877000179
22313464000190
06004815000125
04607023000110
25489287000196
19078534000169
16853186000161
25267113000189
86603008000168
05382507000170
17327107000141
17327107000222
18004655000101
02989125000111
02989125000200
00659188000184
00795950000150
23184831000166
01870573000139
20262432000188
03669102000192
22546394000110
18768796000273
00714152000156
08046558000110
03933759000115
01751977000294
01751977000103
07479815000144
03268730000166
02842991000185
25976077000122
20958237000197
19339068000128
19339068000390
19339068000470
64307572000109
00911989000195
04568843000140
04568843000220
19816305000102
25173691000156
18296509000199
18940577000149
24235038000101
20277752000101
01978144000180
42973479000192
05367521000103
00917151000109
18696690000120
18696690000201
18141804000176
25595190000168
03836365000149
08840854000198
86398500000149
26251678000130
04546246000114
07010107000160
21671722000148
64355167000158
64355167000239
86434305000127
21649272000197
25608977000117
04075433000167
02583452000179
02008049000116
24009615000147
62546387000729
07193312000108
65313538000100
51865855000205
51865855001198
51865855001279
51865855001600
41685835000100
01532036000189
07970838000157
07970838000238
07970838000319
65236036000114
17054776000197
17054776000278
23836281000112
66462110000183
66462110000264
02566639000164
02566639000245
06255958000100
65348682000173
01724873000452
04015527000140
04015527000221
03656285000101
07197910000155
18093112000108
18093112000280
18093112000523
18093112000604
18093112000442
04831636000136
03176032000483
03176032000564
02714989000120
05838926000174
05838926000255
05838926000336
01891491000170
08104751000240
26341610000142
66199068000150
66199068000826
66199068000907
66199068000664
66199068000745
10457392000176
04235894000150
04619469000164
04619469000245
07864251000163
03990289000121
03990289000474
05694560000107
02682907000103
02682907000294
02059811000355
05558046000144
19862143000130
04076001000170
17078163000190
17078163000270
17078163000432
01571623000187
09538890000164
09514590000145
02972756000128
21565684000149
27657485000490
17168220001012
17168220004623
17168220006081
17168220006243
17168220001284
17168220001101
17168220001870
17168220005190
17168220005433
17168220002337
17168220004208
17168220000393
17168220002094
17168220002256
17168220000555
01286177000169
04391246000354
04391246000192
04777731000107
08634158000125
08244504000169
01345435000130
09417925000107
06286104000190
04008565000176
06116042000179
06862807000110
41751421000131
08039353000107
21016118000188
04282584000196
07328171000193
03567774000197
05550026000127
00430135000197
41697186000167
41697186000590
41697186000400
07299921000227
07299921000308
07299921000570
07299921000499
65334757000167
07310137000191
06539560000103
09296836000150
25550203000182
08529839000123
08529839000204
05891306000360
10276358000103
05773806000136
16558769000160
16558769000836
08387398000172
05444426000158
05444426000239
24993891000192
24993891000273
24993891000788
24993891000869
24993891000354
24993891000435
24993891000605
24993891000940
01177696000199
02040069000417
06262179000131
06041987000179
43954460000323
43954460001800
17303561000162
23792047000130
02680610000290
02904973000180
41843889000156
41843889000237
65092082000197
00759665000264
00759665000183
03767778000119
04226245000192
04226245000273
02500626000192
01961733000155
01073383000190
17542838000100
17542838000290
62004395003416
02998438000136
07327322000199
07327322000270
07327322000350
05439992000171
03158506000111
03158506000200
00565422000104
09331047000102
07351452000167
20945275000105
07969757000137
02768939000126
42822296000176
05204554000124
05204554000205
03478652000124
04035505000142
03054411000310
03054411000409
03054411000158
13265645000106
13265645000289
13265645000360
13265645000521
13265645000602
13265645000793
25859299000246
21370739000165
38587978000174
07268370000153
38586186000185
03613457000160
23338635000107
07027183000188
05889709000103
25145517000108
06123861000143
32070641000290
32070641000370
03362212000107
11310545000110
22118673000183
64458763000163
02808920000166
02808920000247
02337290000350
02337290000270
07461327000100
06113295000199
06113295000350
06866199000111
61604922000364
90272055000224
07788775000112
16516114000129
86459963000254
86459963000173
07524840000100
08386462000109
00022022000586
00022022000667
23358757000157
04436336000152
05743676000199
03709278000120
05430679000172
20673489000170
05992504000159
08789806000112
08789806000201
23110117000123
23110117000204
82992686000451
22699862000197
22699862000359
22699862000278
07084192000100
07084192000372
05675296000164
06085603000110
04800423000147
25316340000157
20959524000200
20959524000383
20959524000464
08790728000257
08170381000169
05109941000181
00092811000160
32516650001071
32516650001314
32516650001586
32516650003104
32516650002124
32516650000261
19448570000177
05350093000106
24235749000186
04851997000144
02384370000103
06330087000141
06330087000222
07066176000195
01446219000181
68538123000114
16688491000145
04364567000106
08318030000152
54995261000460
28963064000107
01411160000196
01918790000151
07380851000156
09442350000263
09442350000344
09442350000425
09442350000182
41822651000144
01617025000100
01617025000363
01617025000444
01617025000525
01617025000878
01617025000797
23864119000108
38648671000136
42846501000133
25521741000149
07110605000184
09620803000113
10467541000188
08811504000101
19721133000185
19721133000266
03590454000158
03590454000239
03133211000190
09379431000185
41893355000134
08679170000156
07453800000107
07453800000298
07453800000379
06001061000150
06001061000230
19893130000129
02516502000103
01506255000193
06284605000138
00689817000119
21376694000136
41771114000112
23406705000109
25287863000112
25287863000384
25287863000465
25287863000201
01066776000177
02580628000139
06787702000143
08695076000271
08695076000190
05167736000172
25529033000154
03247445000169
08636586000197
10233892000124
01599319000148
71159164000104
17859976000117
20818209000174
20818209000255
65382509000191
65227365000107
65227365000522
65227365000280
05836204000180
38690335000151
09043575000166
00468640000120
05218150000190
05218150000270
44170801000332
05956712000100
07173441000134
09554181000172
07273884000105
08999520000161
05414314000154
41763897000192
38683710000136
36193928000420
00607047000118
41854274000125
71227748000170
06911225000186
17128000000417
17128000000689
17128000000174
17128000000255
04471178000333
04471178000171
04471178000252
03263904000106
00582266000351
00582266000513
00582266000190
00582266000602
00582266000866
00582266000432
00582266000270
00711356000133
07715696000181
07902698000180
04735244000173
09029511000100
09029511000291
09406402000165
05449571000121
06135468000170
06135468000250
22417414000153
07913722000186
05099952000128
08673225000110
01514671000133
09469428000233
00637431000163
07272507000143
07272507000224
06351273000167
02848384000203
05256929000108
06096330000109
71007413000146
71007413000227
09186163000185
08177490000108
00566878000199
00566878000270
04360230000112
09103382000153
02287652000184
42934182000118
18935668000196
71511570000194
20717278000191
00845856000168
01767692000160
19501899000154
86638939000100
23591530000157
17219353000180
05573141000206
83325670000377
20986212000105
19499987000169
19499987000401
08239257000102
03398584000193
03398584000355
22253389000110
87300695001004
87300695001187
75817163000594
18362160000227
18362160000146
25412222000223
25412222001033
25412222000819
25412222000738
25412222000495
25412222000304
02329608000190
88321187000761
02900628000179
05812914000170
05812914000251
80247943000314
19568328000137
03448536000162
01591808000153
25335282001776
25335282000966
25335282001695
25335282000613
25335282000109
25335282001857
25335282002071
25335282002152
25335282001342
25335282001504
25335282001423
26262055000163
07411320000183
08777540000198
05320673000142
23400765000114
02872861000195
21595384000102
21595384000374
21595384000293
60959889001990
02557496000124
15573686001078
10852819000130
06227401000165
19827336000150
21327499000116
03725935000123
07681048000151
07681048000313
22414411000166
02205613000190
02791059000170
02650516000107
05731345000139
03851371000175
00748573000106
02993266000108
07020834000108
09515559000129
06155172000110
06155172000200
41913278000137
41913278000218
22190540000118
22190540000207
25497280000116
25250820000243
41871989000277
17774738000290
07517130000145
08484010000151
07562165000104
10953229000102
07002327000141
19103241000194
21587696000336
21587696000174
64294853000166
64294853000409
20536637000104
20623716000152
20623716001477
20623716002104
20623716003410
20623716003500
20623716003682
20623716000233
20623716001205
20623716001396
04494728000178
02156782000188
23797020000130
23797020000998
09175177000101
07287580000199
08297559000137
06198205000100
03409278000105
03409278000296
08618245000199
06228224000131
03472960000142
54525951000375
19845288000123
42955542000168
02729315000108
23294275000180
07047757000180
70971882000118
07863957000100
05789325000119
23296155000201
23296155000112
28670958000532
17327552000101
20142378000137
05333311000196
20737664000145
20737664000226
20143772000190
00938962000196
17302183000100
05645633000170
07151819000107
02586108000133
04465411000103
07930893000113
66282823000165
07712705000180
02197396000134
10400593000137
01485100000118
02727191000113
05994772000100
02440738000103
02440738000286
06914365000108
25507872000171
64373608000144
17481813000143
17481813001115
17481813001204
17481813001387
17481813001468
17481813000810
06976693000139
01386687000108
71351696000149
00976008000198
06981103000166
19776905000186
26258715000132
07727419000199
01007916000136
06307831000197
03020246000113